Product Name,PSA
Stationt Name,BurnIn
Version,V1.0.0
Serial Number,!210640065!v29102835
Total Test Time,1055
DUTResult,Passed
Date Time,20210401054012
Stepname,MeasureValue,Unit,Lowlimit,Highlimit,Result,CycleTime
If,,,,,Done,2.82E-05
End,,,,,Done,2.86E-05
7.0.0 Error Code Check,FF,,FF,FF,Passed,6.78E-05
7.4.1 Power Test U Current OP4(0),420.467956207171,A,400,500,Passed,0.1822631
7.4.2 Power Test V Current OP4(0),423.864902941663,A,400,500,Passed,0.1786632
7.4.3 Power Test W Current OP4(0),423.722338603061,A,400,500,Passed,0.1775145
7.4.4 Power Test F_TEMP_MEAS_CTL  OP4(0),23,deg,20,99,Passed,0.000226
7.4.5 Power Test F_TEMP_MEAS_MOD OP4(0),73,deg,20,99,Passed,0.0002108
7.4.6 Power Test F_TEMP_MEAS_DRV OP4(0),24,deg,20,99,Passed,0.0001603
7.4.7 Power Test AN_CTP_COOLING_F OP4(0),31,deg,20,99,Passed,0.0001628
7.4.8 Power Test FSEVBLV_Voltage OP4(0),9,V,9,12,Passed,0.0001783
7.4.9 Power Test FSEVBHV_Voltage OP4(0),377,V,360,410,Passed,0.0002094
7.4.10 Power Test FTEABHV_UbatHV OP4(0),386,V,360,410,Passed,0.000166
7.4.11 Power Test SAEABHV_Voltage OP4(0),377,V,360,410,Passed,0.0001836
7.8.1 Power Test U Current OP8(0),418.936361461899,A,400,500,Passed,0.1838315
7.8.2 Power Test V Current OP8(0),423.130847644392,A,400,500,Passed,0.1774856
7.8.3 Power Test W Current OP8(0),423.530066301596,A,400,500,Passed,0.1782924
7.8.4 Power Test F_TEMP_MEAS_CTL  OP8(0),24,deg,20,99,Passed,0.0004414
7.8.5 Power Test F_TEMP_MEAS_MOD OP8(0),75,deg,20,99,Passed,0.0001532
7.8.6 Power Test F_TEMP_MEAS_DRV OP8(0),25,deg,20,99,Passed,0.0002249
7.8.7 Power Test AN_CTP_COOLING_F OP8(0),38,deg,20,99,Passed,0.0004085
7.8.8 Power Test FSEVBLV_Voltage OP8(0),15,V,14,17,Passed,0.0001974
7.8.9 Power Test FSEVBHV_Voltage OP8(0),377,V,360,410,Passed,0.000166
7.8.10 Power Test FTEABHV_UbatHV OP8(0),386,V,360,410,Passed,0.0001811
7.8.11 Power Test SAEABHV_Voltage OP8(0),377,V,360,410,Passed,0.0001843
7.4.1 Power Test U Current OP4(1),422.065600605568,A,400,500,Passed,0.1888064
7.4.2 Power Test V Current OP4(1),422.705759371801,A,400,500,Passed,0.1804721
7.4.3 Power Test W Current OP4(1),423.315416187729,A,400,500,Passed,0.1802281
7.4.4 Power Test F_TEMP_MEAS_CTL  OP4(1),25,deg,20,99,Passed,0.0001635
7.4.5 Power Test F_TEMP_MEAS_MOD OP4(1),75,deg,20,99,Passed,0.0001741
7.4.6 Power Test F_TEMP_MEAS_DRV OP4(1),27,deg,20,99,Passed,0.0002126
7.4.7 Power Test AN_CTP_COOLING_F OP4(1),43,deg,20,99,Passed,0.0002242
7.4.8 Power Test FSEVBLV_Voltage OP4(1),9,V,9,12,Passed,0.0001695
7.4.9 Power Test FSEVBHV_Voltage OP4(1),377,V,360,410,Passed,0.0001903
7.4.10 Power Test FTEABHV_UbatHV OP4(1),387,V,360,410,Passed,0.0004675
7.4.11 Power Test SAEABHV_Voltage OP4(1),377,V,360,410,Passed,0.0001843
7.8.1 Power Test U Current OP8(1),418.592777940253,A,400,500,Passed,0.18241
7.8.2 Power Test V Current OP8(1),422.339939401187,A,400,500,Passed,0.1784033
7.8.3 Power Test W Current OP8(1),421.76321211005,A,400,500,Passed,0.1845021
7.8.4 Power Test F_TEMP_MEAS_CTL  OP8(1),26,deg,20,99,Passed,0.0001794
7.8.5 Power Test F_TEMP_MEAS_MOD OP8(1),72,deg,20,99,Passed,0.0001787
7.8.6 Power Test F_TEMP_MEAS_DRV OP8(1),28,deg,20,99,Passed,0.00016
7.8.7 Power Test AN_CTP_COOLING_F OP8(1),44,deg,20,99,Passed,0.0001956
7.8.8 Power Test FSEVBLV_Voltage OP8(1),15,V,14,17,Passed,0.0001741
7.8.9 Power Test FSEVBHV_Voltage OP8(1),377,V,360,410,Passed,0.0001698
7.8.10 Power Test FTEABHV_UbatHV OP8(1),387,V,360,410,Passed,0.0001741
7.8.11 Power Test SAEABHV_Voltage OP8(1),377,V,360,410,Passed,0.0002066
7.4.1 Power Test U Current OP4(2),420.631776480361,A,400,500,Passed,0.1748203
7.4.2 Power Test V Current OP4(2),422.094124638342,A,400,500,Passed,0.1715125
7.4.3 Power Test W Current OP4(2),422.502321452979,A,400,500,Passed,0.17332
7.4.4 Power Test F_TEMP_MEAS_CTL  OP4(2),27,deg,20,99,Passed,0.0001624
7.4.5 Power Test F_TEMP_MEAS_MOD OP4(2),70,deg,20,99,Passed,0.0002101
7.4.6 Power Test F_TEMP_MEAS_DRV OP4(2),30,deg,20,99,Passed,0.0001773
7.4.7 Power Test AN_CTP_COOLING_F OP4(2),45,deg,20,99,Passed,0.0001603
7.4.8 Power Test FSEVBLV_Voltage OP4(2),9,V,9,12,Passed,0.0001829
7.4.9 Power Test FSEVBHV_Voltage OP4(2),377,V,360,410,Passed,0.0003669
7.4.10 Power Test FTEABHV_UbatHV OP4(2),386,V,360,410,Passed,0.0001737
7.4.11 Power Test SAEABHV_Voltage OP4(2),377,V,360,410,Passed,0.0001896
7.8.1 Power Test U Current OP8(2),419.374032211529,A,400,500,Passed,0.1779397
7.8.2 Power Test V Current OP8(2),423.307162070415,A,400,500,Passed,0.1725534
7.8.3 Power Test W Current OP8(2),422.665399119392,A,400,500,Passed,0.1715778
7.8.4 Power Test F_TEMP_MEAS_CTL  OP8(2),28,deg,20,99,Passed,0.0001695
7.8.5 Power Test F_TEMP_MEAS_MOD OP8(2),71,deg,20,99,Passed,0.0001642
7.8.6 Power Test F_TEMP_MEAS_DRV OP8(2),32,deg,20,99,Passed,0.000166
7.8.7 Power Test AN_CTP_COOLING_F OP8(2),45,deg,20,99,Passed,0.0001681
7.8.8 Power Test FSEVBLV_Voltage OP8(2),15,V,14,17,Passed,0.0001607
7.8.9 Power Test FSEVBHV_Voltage OP8(2),377,V,360,410,Passed,0.0002549
7.8.10 Power Test FTEABHV_UbatHV OP8(2),386,V,360,410,Passed,0.0002479
7.8.11 Power Test SAEABHV_Voltage OP8(2),377,V,360,410,Passed,0.0002461
7.4.1 Power Test U Current OP4(3),419.500750797434,A,400,500,Passed,0.1801953
7.4.2 Power Test V Current OP4(3),421.025343130897,A,400,500,Passed,0.1846003
7.4.3 Power Test W Current OP4(3),423.442768321835,A,400,500,Passed,0.1820413
7.4.4 Power Test F_TEMP_MEAS_CTL  OP4(3),29,deg,20,99,Passed,0.0001684
7.4.5 Power Test F_TEMP_MEAS_MOD OP4(3),72,deg,20,99,Passed,0.0001645
7.4.6 Power Test F_TEMP_MEAS_DRV OP4(3),33,deg,20,99,Passed,0.0003224
7.4.7 Power Test AN_CTP_COOLING_F OP4(3),46,deg,20,99,Passed,0.0002574
7.4.8 Power Test FSEVBLV_Voltage OP4(3),9,V,9,12,Passed,0.0001642
7.4.9 Power Test FSEVBHV_Voltage OP4(3),379,V,360,410,Passed,0.0002338
7.4.10 Power Test FTEABHV_UbatHV OP4(3),388,V,360,410,Passed,0.0002009
7.4.11 Power Test SAEABHV_Voltage OP4(3),379,V,360,410,Passed,0.000185
7.8.1 Power Test U Current OP8(3),419.656170703776,A,400,500,Passed,0.1841758
7.8.2 Power Test V Current OP8(3),421.643594420596,A,400,500,Passed,0.1785516
7.8.3 Power Test W Current OP8(3),421.449865198557,A,400,500,Passed,0.1769323
7.8.4 Power Test F_TEMP_MEAS_CTL  OP8(3),30,deg,20,99,Passed,0.0002157
7.8.5 Power Test F_TEMP_MEAS_MOD OP8(3),72,deg,20,99,Passed,0.0001868
7.8.6 Power Test F_TEMP_MEAS_DRV OP8(3),35,deg,20,99,Passed,0.0001663
7.8.7 Power Test AN_CTP_COOLING_F OP8(3),46,deg,20,99,Passed,0.0002034
7.8.8 Power Test FSEVBLV_Voltage OP8(3),15,V,14,17,Passed,0.0002433
7.8.9 Power Test FSEVBHV_Voltage OP8(3),378,V,360,410,Passed,0.0001702
7.8.10 Power Test FTEABHV_UbatHV OP8(3),387,V,360,410,Passed,0.000179
7.8.11 Power Test SAEABHV_Voltage OP8(3),378,V,360,410,Passed,0.0002157
7.4.1 Power Test U Current OP4(4),419.445501464807,A,400,500,Passed,0.1810028
7.4.2 Power Test V Current OP4(4),420.696175520611,A,400,500,Passed,0.1764789
7.4.3 Power Test W Current OP4(4),422.701745613059,A,400,500,Passed,0.1749965
7.4.4 Power Test F_TEMP_MEAS_CTL  OP4(4),31,deg,20,99,Passed,0.0001621
7.4.5 Power Test F_TEMP_MEAS_MOD OP4(4),72,deg,20,99,Passed,0.000196
7.4.6 Power Test F_TEMP_MEAS_DRV OP4(4),37,deg,20,99,Passed,0.0001773
7.4.7 Power Test AN_CTP_COOLING_F OP4(4),47,deg,20,99,Passed,0.0001981
7.4.8 Power Test FSEVBLV_Voltage OP4(4),9,V,9,12,Passed,0.0001999
7.4.9 Power Test FSEVBHV_Voltage OP4(4),378,V,360,410,Passed,0.0001999
7.4.10 Power Test FTEABHV_UbatHV OP4(4),387,V,360,410,Passed,0.0006162
7.4.11 Power Test SAEABHV_Voltage OP4(4),378,V,360,410,Passed,0.0002398
7.8.1 Power Test U Current OP8(4),419.695494341569,A,400,500,Passed,0.1760015
7.8.2 Power Test V Current OP8(4),422.490988952553,A,400,500,Passed,0.1770297
7.8.3 Power Test W Current OP8(4),423.839523230818,A,400,500,Passed,0.1760103
7.8.4 Power Test F_TEMP_MEAS_CTL  OP8(4),32,deg,20,99,Passed,0.0001677
7.8.5 Power Test F_TEMP_MEAS_MOD OP8(4),73,deg,20,99,Passed,0.0001818
7.8.6 Power Test F_TEMP_MEAS_DRV OP8(4),39,deg,20,99,Passed,0.0001585
7.8.7 Power Test AN_CTP_COOLING_F OP8(4),48,deg,20,99,Passed,0.0001645
7.8.8 Power Test FSEVBLV_Voltage OP8(4),15,V,14,17,Passed,0.0001628
7.8.9 Power Test FSEVBHV_Voltage OP8(4),378,V,360,410,Passed,0.0002511
7.8.10 Power Test FTEABHV_UbatHV OP8(4),387,V,360,410,Passed,0.0002006
7.8.11 Power Test SAEABHV_Voltage OP8(4),378,V,360,410,Passed,0.0002136
7.4.1 Power Test U Current OP4(5),419.593577471596,A,400,500,Passed,0.1747755
7.4.2 Power Test V Current OP4(5),423.942055869575,A,400,500,Passed,0.1763468
7.4.3 Power Test W Current OP4(5),420.753668578264,A,400,500,Passed,0.1755989
7.4.4 Power Test F_TEMP_MEAS_CTL  OP4(5),33,deg,20,99,Passed,0.0002239
7.4.5 Power Test F_TEMP_MEAS_MOD OP4(5),73,deg,20,99,Passed,0.0001833
7.4.6 Power Test F_TEMP_MEAS_DRV OP4(5),41,deg,20,99,Passed,0.0001649
7.4.7 Power Test AN_CTP_COOLING_F OP4(5),49,deg,20,99,Passed,0.0001684
7.4.8 Power Test FSEVBLV_Voltage OP4(5),9,V,9,12,Passed,0.0001857
7.4.9 Power Test FSEVBHV_Voltage OP4(5),377,V,360,410,Passed,0.0001758
7.4.10 Power Test FTEABHV_UbatHV OP4(5),387,V,360,410,Passed,0.000512
7.4.11 Power Test SAEABHV_Voltage OP4(5),377,V,360,410,Passed,0.0002037
7.8.1 Power Test U Current OP8(5),420.797445067995,A,400,500,Passed,0.1771191
7.8.2 Power Test V Current OP8(5),421.182128609839,A,400,500,Passed,0.1767554
7.8.3 Power Test W Current OP8(5),422.450757156357,A,400,500,Passed,0.1769298
7.8.4 Power Test F_TEMP_MEAS_CTL  OP8(5),34,deg,20,99,Passed,0.0001818
7.8.5 Power Test F_TEMP_MEAS_MOD OP8(5),74,deg,20,99,Passed,0.000166
7.8.6 Power Test F_TEMP_MEAS_DRV OP8(5),42,deg,20,99,Passed,0.0004823
7.8.7 Power Test AN_CTP_COOLING_F OP8(5),49,deg,20,99,Passed,0.0001649
7.8.8 Power Test FSEVBLV_Voltage OP8(5),15,V,14,17,Passed,0.0002179
7.8.9 Power Test FSEVBHV_Voltage OP8(5),378,V,360,410,Passed,0.0001727
7.8.10 Power Test FTEABHV_UbatHV OP8(5),387,V,360,410,Passed,0.0002214
7.8.11 Power Test SAEABHV_Voltage OP8(5),378,V,360,410,Passed,0.0003086
7.4.1 Power Test U Current OP4(6),417.338659936487,A,400,500,Passed,0.1759842
7.4.2 Power Test V Current OP4(6),424.603197676635,A,400,500,Passed,0.1747201
7.4.3 Power Test W Current OP4(6),425.241742909096,A,400,500,Passed,0.1739164
7.4.4 Power Test F_TEMP_MEAS_CTL  OP4(6),36,deg,20,99,Passed,0.0001977
7.4.5 Power Test F_TEMP_MEAS_MOD OP4(6),74,deg,20,99,Passed,0.0001564
7.4.6 Power Test F_TEMP_MEAS_DRV OP4(6),44,deg,20,99,Passed,0.0001543
7.4.7 Power Test AN_CTP_COOLING_F OP4(6),50,deg,20,99,Passed,0.0002037
7.4.8 Power Test FSEVBLV_Voltage OP4(6),9,V,9,12,Passed,0.0001737
7.4.9 Power Test FSEVBHV_Voltage OP4(6),378,V,360,410,Passed,0.0001797
7.4.10 Power Test FTEABHV_UbatHV OP4(6),387,V,360,410,Passed,0.00025
7.4.11 Power Test SAEABHV_Voltage OP4(6),378,V,360,410,Passed,0.0004749
7.8.1 Power Test U Current OP8(6),421.038837273178,A,400,500,Passed,0.179464
7.8.2 Power Test V Current OP8(6),421.499663094833,A,400,500,Passed,0.1748514
7.8.3 Power Test W Current OP8(6),423.062686645952,A,400,500,Passed,0.1753514
7.8.4 Power Test F_TEMP_MEAS_CTL  OP8(6),37,deg,20,99,Passed,0.0001882
7.8.5 Power Test F_TEMP_MEAS_MOD OP8(6),75,deg,20,99,Passed,0.0001917
7.8.6 Power Test F_TEMP_MEAS_DRV OP8(6),46,deg,20,99,Passed,0.0003369
7.8.7 Power Test AN_CTP_COOLING_F OP8(6),51,deg,20,99,Passed,0.0001914
7.8.8 Power Test FSEVBLV_Voltage OP8(6),15,V,14,17,Passed,0.0001815
7.8.9 Power Test FSEVBHV_Voltage OP8(6),376,V,360,410,Passed,0.0001999
7.8.10 Power Test FTEABHV_UbatHV OP8(6),386,V,360,410,Passed,0.0005413
7.8.11 Power Test SAEABHV_Voltage OP8(6),376,V,360,410,Passed,0.000256
7.4.1 Power Test U Current OP4(7),421.688311521522,A,400,500,Passed,0.1783298
7.4.2 Power Test V Current OP4(7),420.90206787941,A,400,500,Passed,0.1809834
7.4.3 Power Test W Current OP4(7),422.561964964786,A,400,500,Passed,0.174279
7.4.4 Power Test F_TEMP_MEAS_CTL  OP4(7),38,deg,20,99,Passed,0.000161
7.4.5 Power Test F_TEMP_MEAS_MOD OP4(7),75,deg,20,99,Passed,0.0004675
7.4.6 Power Test F_TEMP_MEAS_DRV OP4(7),47,deg,20,99,Passed,0.0001999
7.4.7 Power Test AN_CTP_COOLING_F OP4(7),51,deg,20,99,Passed,0.000166
7.4.8 Power Test FSEVBLV_Voltage OP4(7),9,V,9,12,Passed,0.0001716
7.4.9 Power Test FSEVBHV_Voltage OP4(7),378,V,360,410,Passed,0.0001769
7.4.10 Power Test FTEABHV_UbatHV OP4(7),386,V,360,410,Passed,0.0003934
7.4.11 Power Test SAEABHV_Voltage OP4(7),378,V,360,410,Passed,0.0002246
7.8.1 Power Test U Current OP8(7),419.476526017881,A,400,500,Passed,0.180923
7.8.2 Power Test V Current OP8(7),423.646980608343,A,400,500,Passed,0.1796144
7.8.3 Power Test W Current OP8(7),424.927868232566,A,400,500,Passed,0.1781321
7.8.4 Power Test F_TEMP_MEAS_CTL  OP8(7),39,deg,20,99,Passed,0.0001826
7.8.5 Power Test F_TEMP_MEAS_MOD OP8(7),76,deg,20,99,Passed,0.0001617
7.8.6 Power Test F_TEMP_MEAS_DRV OP8(7),49,deg,20,99,Passed,0.0002422
7.8.7 Power Test AN_CTP_COOLING_F OP8(7),52,deg,20,99,Passed,0.0001995
7.8.8 Power Test FSEVBLV_Voltage OP8(7),15,V,14,17,Passed,0.0001723
7.8.9 Power Test FSEVBHV_Voltage OP8(7),379,V,360,410,Passed,0.0001875
7.8.10 Power Test FTEABHV_UbatHV OP8(7),386,V,360,410,Passed,0.0002253
7.8.11 Power Test SAEABHV_Voltage OP8(7),379,V,360,410,Passed,0.0002461
7.4.1 Power Test U Current OP4(8),421.424507218975,A,400,500,Passed,0.1858471
7.4.2 Power Test V Current OP4(8),422.510294512842,A,400,500,Passed,0.1834622
7.4.3 Power Test W Current OP4(8),424.520500537386,A,400,500,Passed,0.1791031
7.4.4 Power Test F_TEMP_MEAS_CTL  OP4(8),40,deg,20,99,Passed,0.0001727
7.4.5 Power Test F_TEMP_MEAS_MOD OP4(8),76,deg,20,99,Passed,0.0001762
7.4.6 Power Test F_TEMP_MEAS_DRV OP4(8),51,deg,20,99,Passed,0.0004643
7.4.7 Power Test AN_CTP_COOLING_F OP4(8),53,deg,20,99,Passed,0.0001751
7.4.8 Power Test FSEVBLV_Voltage OP4(8),9,V,9,12,Passed,0.0002013
7.4.9 Power Test FSEVBHV_Voltage OP4(8),377,V,360,410,Passed,0.0002002
7.4.10 Power Test FTEABHV_UbatHV OP4(8),386,V,360,410,Passed,0.0001833
7.4.11 Power Test SAEABHV_Voltage OP4(8),377,V,360,410,Passed,0.0002196
7.8.1 Power Test U Current OP8(8),421.061458809543,A,400,500,Passed,0.1834611
7.8.2 Power Test V Current OP8(8),422.719340352915,A,400,500,Passed,0.1802087
7.8.3 Power Test W Current OP8(8),422.840681014428,A,400,500,Passed,0.1779757
7.8.4 Power Test F_TEMP_MEAS_CTL  OP8(8),41,deg,20,99,Passed,0.0001864
7.8.5 Power Test F_TEMP_MEAS_MOD OP8(8),76,deg,20,99,Passed,0.000166
7.8.6 Power Test F_TEMP_MEAS_DRV OP8(8),52,deg,20,99,Passed,0.000458
7.8.7 Power Test AN_CTP_COOLING_F OP8(8),53,deg,20,99,Passed,0.0001896
7.8.8 Power Test FSEVBLV_Voltage OP8(8),15,V,14,17,Passed,0.0001981
7.8.9 Power Test FSEVBHV_Voltage OP8(8),377,V,360,410,Passed,0.0003104
7.8.10 Power Test FTEABHV_UbatHV OP8(8),386,V,360,410,Passed,0.000226
7.8.11 Power Test SAEABHV_Voltage OP8(8),377,V,360,410,Passed,0.0006006
7.4.1 Power Test U Current OP4(9),420.746983174679,A,400,500,Passed,0.186132
7.4.2 Power Test V Current OP4(9),424.906990037838,A,400,500,Passed,0.1822313
7.4.3 Power Test W Current OP4(9),421.823263504099,A,400,500,Passed,0.1795014
7.4.4 Power Test F_TEMP_MEAS_CTL  OP4(9),42,deg,20,99,Passed,0.0001709
7.4.5 Power Test F_TEMP_MEAS_MOD OP4(9),77,deg,20,99,Passed,0.0005201
7.4.6 Power Test F_TEMP_MEAS_DRV OP4(9),54,deg,20,99,Passed,0.0001674
7.4.7 Power Test AN_CTP_COOLING_F OP4(9),54,deg,20,99,Passed,0.0001776
7.4.8 Power Test FSEVBLV_Voltage OP4(9),9,V,9,12,Passed,0.0001815
7.4.9 Power Test FSEVBHV_Voltage OP4(9),376,V,360,410,Passed,0.0001744
7.4.10 Power Test FTEABHV_UbatHV OP4(9),386,V,360,410,Passed,0.0002101
7.4.11 Power Test SAEABHV_Voltage OP4(9),376,V,360,410,Passed,0.0003037
7.8.1 Power Test U Current OP8(9),420.894798649069,A,400,500,Passed,0.1836186
7.8.2 Power Test V Current OP8(9),422.74400020656,A,400,500,Passed,0.1814834
7.8.3 Power Test W Current OP8(9),423.594123608978,A,400,500,Passed,0.1789245
7.8.4 Power Test F_TEMP_MEAS_CTL  OP8(9),43,deg,20,99,Passed,0.0001737
7.8.5 Power Test F_TEMP_MEAS_MOD OP8(9),77,deg,20,99,Passed,0.0001674
7.8.6 Power Test F_TEMP_MEAS_DRV OP8(9),55,deg,20,99,Passed,0.0001663
7.8.7 Power Test AN_CTP_COOLING_F OP8(9),54,deg,20,99,Passed,0.0002662
7.8.8 Power Test FSEVBLV_Voltage OP8(9),15,V,14,17,Passed,0.0001727
7.8.9 Power Test FSEVBHV_Voltage OP8(9),376,V,360,410,Passed,0.0001801
7.8.10 Power Test FTEABHV_UbatHV OP8(9),385,V,360,410,Passed,0.0002624
7.8.11 Power Test SAEABHV_Voltage OP8(9),376,V,360,410,Passed,0.0002196
7.4.1 Power Test U Current OP4(10),421.212573011132,A,400,500,Passed,0.1849784
7.4.2 Power Test V Current OP4(10),422.519860217032,A,400,500,Passed,0.1786229
7.4.3 Power Test W Current OP4(10),423.588596931479,A,400,500,Passed,0.1749054
7.4.4 Power Test F_TEMP_MEAS_CTL  OP4(10),44,deg,20,99,Passed,0.0001667
7.4.5 Power Test F_TEMP_MEAS_MOD OP4(10),77,deg,20,99,Passed,0.0001522
7.4.6 Power Test F_TEMP_MEAS_DRV OP4(10),56,deg,20,99,Passed,0.0004428
7.4.7 Power Test AN_CTP_COOLING_F OP4(10),55,deg,20,99,Passed,0.0001741
7.4.8 Power Test FSEVBLV_Voltage OP4(10),9,V,9,12,Passed,0.0001864
7.4.9 Power Test FSEVBHV_Voltage OP4(10),377,V,360,410,Passed,0.0001875
7.4.10 Power Test FTEABHV_UbatHV OP4(10),386,V,360,410,Passed,0.0002556
7.4.11 Power Test SAEABHV_Voltage OP4(10),377,V,360,410,Passed,0.0002097
7.8.1 Power Test U Current OP8(10),421.092476547044,A,400,500,Passed,0.1818298
7.8.2 Power Test V Current OP8(10),422.695967086122,A,400,500,Passed,0.1767176
7.8.3 Power Test W Current OP8(10),422.118351575887,A,400,500,Passed,0.1757116
7.8.4 Power Test F_TEMP_MEAS_CTL  OP8(10),45,deg,20,99,Passed,0.0001645
7.8.5 Power Test F_TEMP_MEAS_MOD OP8(10),77,deg,20,99,Passed,0.0001744
7.8.6 Power Test F_TEMP_MEAS_DRV OP8(10),58,deg,20,99,Passed,0.0001769
7.8.7 Power Test AN_CTP_COOLING_F OP8(10),55,deg,20,99,Passed,0.000172
7.8.8 Power Test FSEVBLV_Voltage OP8(10),15,V,14,17,Passed,0.0002182
7.8.9 Power Test FSEVBHV_Voltage OP8(10),376,V,360,410,Passed,0.0002048
7.8.10 Power Test FTEABHV_UbatHV OP8(10),385,V,360,410,Passed,0.0006437
7.8.11 Power Test SAEABHV_Voltage OP8(10),376,V,360,410,Passed,0.0002549
7.4.1 Power Test U Current OP4(11),420.560541906877,A,400,500,Passed,0.1769976
7.4.2 Power Test V Current OP4(11),424.023484026227,A,400,500,Passed,0.1757006
7.4.3 Power Test W Current OP4(11),422.131459160803,A,400,500,Passed,0.1761229
7.4.4 Power Test F_TEMP_MEAS_CTL  OP4(11),46,deg,20,99,Passed,0.000191
7.4.5 Power Test F_TEMP_MEAS_MOD OP4(11),77,deg,20,99,Passed,0.0001766
7.4.6 Power Test F_TEMP_MEAS_DRV OP4(11),59,deg,20,99,Passed,0.0002182
7.4.7 Power Test AN_CTP_COOLING_F OP4(11),55,deg,20,99,Passed,0.0001698
7.4.8 Power Test FSEVBLV_Voltage OP4(11),9,V,9,12,Passed,0.0001713
7.4.9 Power Test FSEVBHV_Voltage OP4(11),377,V,360,410,Passed,0.0004781
7.4.10 Power Test FTEABHV_UbatHV OP4(11),387,V,360,410,Passed,0.0001868
7.4.11 Power Test SAEABHV_Voltage OP4(11),377,V,360,410,Passed,0.0002376
7.8.1 Power Test U Current OP8(11),418.701590471835,A,400,500,Passed,0.1790954
7.8.2 Power Test V Current OP8(11),425.03647874,A,400,500,Passed,0.1777808
7.8.3 Power Test W Current OP8(11),426.169330432004,A,400,500,Passed,0.1749002
7.8.4 Power Test F_TEMP_MEAS_CTL  OP8(11),47,deg,20,99,Passed,0.0001766
7.8.5 Power Test F_TEMP_MEAS_MOD OP8(11),74,deg,20,99,Passed,0.0001631
7.8.6 Power Test F_TEMP_MEAS_DRV OP8(11),60,deg,20,99,Passed,0.0001833
7.8.7 Power Test AN_CTP_COOLING_F OP8(11),55,deg,20,99,Passed,0.0002193
7.8.8 Power Test FSEVBLV_Voltage OP8(11),15,V,14,17,Passed,0.0001656
7.8.9 Power Test FSEVBHV_Voltage OP8(11),378,V,360,410,Passed,0.000173
7.8.10 Power Test FTEABHV_UbatHV OP8(11),386,V,360,410,Passed,0.0002952
7.8.11 Power Test SAEABHV_Voltage OP8(11),378,V,360,410,Passed,0.0002059
7.4.1 Power Test U Current OP4(12),418.38859456346,A,400,500,Passed,0.1794993
7.4.2 Power Test V Current OP4(12),426.12285915099,A,400,500,Passed,0.1754182
7.4.3 Power Test W Current OP4(12),424.663732762005,A,400,500,Passed,0.1752282
7.4.4 Power Test F_TEMP_MEAS_CTL  OP4(12),48,deg,20,99,Passed,0.0001628
7.4.5 Power Test F_TEMP_MEAS_MOD OP4(12),72,deg,20,99,Passed,0.0002253
7.4.6 Power Test F_TEMP_MEAS_DRV OP4(12),61,deg,20,99,Passed,0.000191
7.4.7 Power Test AN_CTP_COOLING_F OP4(12),54,deg,20,99,Passed,0.0001698
7.4.8 Power Test FSEVBLV_Voltage OP4(12),9,V,9,12,Passed,0.0001649
7.4.9 Power Test FSEVBHV_Voltage OP4(12),377,V,360,410,Passed,0.0002136
7.4.10 Power Test FTEABHV_UbatHV OP4(12),386,V,360,410,Passed,0.0002256
7.4.11 Power Test SAEABHV_Voltage OP4(12),377,V,360,410,Passed,0.00022
7.8.1 Power Test U Current OP8(12),418.824415877795,A,400,500,Passed,0.1797769
7.8.2 Power Test V Current OP8(12),426.988931184847,A,400,500,Passed,0.1748878
7.8.3 Power Test W Current OP8(12),423.442098154561,A,400,500,Passed,0.1756833
7.8.4 Power Test F_TEMP_MEAS_CTL  OP8(12),49,deg,20,99,Passed,0.000167
7.8.5 Power Test F_TEMP_MEAS_MOD OP8(12),72,deg,20,99,Passed,0.0004975
7.8.6 Power Test F_TEMP_MEAS_DRV OP8(12),63,deg,20,99,Passed,0.0001667
7.8.7 Power Test AN_CTP_COOLING_F OP8(12),53,deg,20,99,Passed,0.000297
7.8.8 Power Test FSEVBLV_Voltage OP8(12),15,V,14,17,Passed,0.0001727
7.8.9 Power Test FSEVBHV_Voltage OP8(12),377,V,360,410,Passed,0.0001751
7.8.10 Power Test FTEABHV_UbatHV OP8(12),386,V,360,410,Passed,0.0002556
7.8.11 Power Test SAEABHV_Voltage OP8(12),377,V,360,410,Passed,0.0002994
7.4.1 Power Test U Current OP4(13),419.68578801025,A,400,500,Passed,0.1798411
7.4.2 Power Test V Current OP4(13),424.919248265458,A,400,500,Passed,0.1800466
7.4.3 Power Test W Current OP4(13),423.374054612957,A,400,500,Passed,0.1751431
7.4.4 Power Test F_TEMP_MEAS_CTL  OP4(13),50,deg,20,99,Passed,0.0001868
7.4.5 Power Test F_TEMP_MEAS_MOD OP4(13),72,deg,20,99,Passed,0.0002062
7.4.6 Power Test F_TEMP_MEAS_DRV OP4(13),64,deg,20,99,Passed,0.0001607
7.4.7 Power Test AN_CTP_COOLING_F OP4(13),53,deg,20,99,Passed,0.0001783
7.4.8 Power Test FSEVBLV_Voltage OP4(13),9,V,9,12,Passed,0.0002034
7.4.9 Power Test FSEVBHV_Voltage OP4(13),377,V,360,410,Passed,0.0002136
7.4.10 Power Test FTEABHV_UbatHV OP4(13),386,V,360,410,Passed,0.00025
7.4.11 Power Test SAEABHV_Voltage OP4(13),377,V,360,410,Passed,0.000227
7.8.1 Power Test U Current OP8(13),420.755924757439,A,400,500,Passed,0.1799192
7.8.2 Power Test V Current OP8(13),424.155502605573,A,400,500,Passed,0.1771106
7.8.3 Power Test W Current OP8(13),424.503654203545,A,400,500,Passed,0.3218712
7.8.4 Power Test F_TEMP_MEAS_CTL  OP8(13),50,deg,20,99,Passed,0.0001751
7.8.5 Power Test F_TEMP_MEAS_MOD OP8(13),73,deg,20,99,Passed,0.0001741
7.8.6 Power Test F_TEMP_MEAS_DRV OP8(13),65,deg,20,99,Passed,0.0001592
7.8.7 Power Test AN_CTP_COOLING_F OP8(13),53,deg,20,99,Passed,0.000179
7.8.8 Power Test FSEVBLV_Voltage OP8(13),15,V,14,17,Passed,0.0002196
7.8.9 Power Test FSEVBHV_Voltage OP8(13),377,V,360,410,Passed,0.0001801
7.8.10 Power Test FTEABHV_UbatHV OP8(13),387,V,360,410,Passed,0.0001868
7.8.11 Power Test SAEABHV_Voltage OP8(13),377,V,360,410,Passed,0.0003362
7.4.1 Power Test U Current OP4(14),419.863224458559,A,400,500,Passed,0.1834449
7.4.2 Power Test V Current OP4(14),424.726058004531,A,400,500,Passed,0.1775908
7.4.3 Power Test W Current OP4(14),426.710175198132,A,400,500,Passed,0.3240771
7.4.4 Power Test F_TEMP_MEAS_CTL  OP4(14),51,deg,20,99,Passed,0.0001723
7.4.5 Power Test F_TEMP_MEAS_MOD OP4(14),73,deg,20,99,Passed,0.000489
7.4.6 Power Test F_TEMP_MEAS_DRV OP4(14),66,deg,20,99,Passed,0.0007765
7.4.7 Power Test AN_CTP_COOLING_F OP4(14),54,deg,20,99,Passed,0.0002037
7.4.8 Power Test FSEVBLV_Voltage OP4(14),9,V,9,12,Passed,0.0004848
7.4.9 Power Test FSEVBHV_Voltage OP4(14),377,V,360,410,Passed,0.0006765
7.4.10 Power Test FTEABHV_UbatHV OP4(14),385,V,360,410,Passed,0.0001924
7.4.11 Power Test SAEABHV_Voltage OP4(14),377,V,360,410,Passed,0.0003061
7.8.1 Power Test U Current OP8(14),420.122419832545,A,400,500,Passed,0.1788019
7.8.2 Power Test V Current OP8(14),426.707999224994,A,400,500,Passed,0.1746057
7.8.3 Power Test W Current OP8(14),426.631676090571,A,400,500,Passed,0.3227074
7.8.4 Power Test F_TEMP_MEAS_CTL  OP8(14),52,deg,20,99,Passed,0.0001663
7.8.5 Power Test F_TEMP_MEAS_MOD OP8(14),73,deg,20,99,Passed,0.0001921
7.8.6 Power Test F_TEMP_MEAS_DRV OP8(14),66,deg,20,99,Passed,0.0002874
7.8.7 Power Test AN_CTP_COOLING_F OP8(14),54,deg,20,99,Passed,0.0003983
7.8.8 Power Test FSEVBLV_Voltage OP8(14),15,V,14,17,Passed,0.0001854
7.8.9 Power Test FSEVBHV_Voltage OP8(14),377,V,360,410,Passed,0.0002097
7.8.10 Power Test FTEABHV_UbatHV OP8(14),386,V,360,410,Passed,0.0001921
7.8.11 Power Test SAEABHV_Voltage OP8(14),377,V,360,410,Passed,0.0002532
7.4.1 Power Test U Current OP4(15),420.401994843793,A,400,500,Passed,0.1772437
7.4.2 Power Test V Current OP4(15),423.826312345427,A,400,500,Passed,0.1774859
7.4.3 Power Test W Current OP4(15),426.838438746758,A,400,500,Passed,0.3213077
7.4.4 Power Test F_TEMP_MEAS_CTL  OP4(15),53,deg,20,99,Passed,0.0001578
7.4.5 Power Test F_TEMP_MEAS_MOD OP4(15),73,deg,20,99,Passed,0.0001879
7.4.6 Power Test F_TEMP_MEAS_DRV OP4(15),67,deg,20,99,Passed,0.0004608
7.4.7 Power Test AN_CTP_COOLING_F OP4(15),54,deg,20,99,Passed,0.0118071
7.4.8 Power Test FSEVBLV_Voltage OP4(15),9,V,9,12,Passed,0.0001992
7.4.9 Power Test FSEVBHV_Voltage OP4(15),377,V,360,410,Passed,0.0001755
7.4.10 Power Test FTEABHV_UbatHV OP4(15),386,V,360,410,Passed,0.0003775
7.4.11 Power Test SAEABHV_Voltage OP4(15),377,V,360,410,Passed,0.0002009
7.8.1 Power Test U Current OP8(15),422.209521168779,A,400,500,Passed,0.1800014
7.8.2 Power Test V Current OP8(15),423.678869454282,A,400,500,Passed,0.175022
7.8.3 Power Test W Current OP8(15),425.966990845408,A,400,500,Passed,0.3213035
7.8.4 Power Test F_TEMP_MEAS_CTL  OP8(15),53,deg,20,99,Passed,0.0001737
7.8.5 Power Test F_TEMP_MEAS_MOD OP8(15),73,deg,20,99,Passed,0.0001628
7.8.6 Power Test F_TEMP_MEAS_DRV OP8(15),68,deg,20,99,Passed,0.001358
7.8.7 Power Test AN_CTP_COOLING_F OP8(15),54,deg,20,99,Passed,0.0002345
7.8.8 Power Test FSEVBLV_Voltage OP8(15),15,V,14,17,Passed,0.0005293
7.8.9 Power Test FSEVBHV_Voltage OP8(15),378,V,360,410,Passed,0.0002052
7.8.10 Power Test FTEABHV_UbatHV OP8(15),387,V,360,410,Passed,0.0005741
7.8.11 Power Test SAEABHV_Voltage OP8(15),378,V,360,410,Passed,0.0006119
7.4.1 Power Test U Current OP4(16),421.03781951069,A,400,500,Passed,0.1804333
7.4.2 Power Test V Current OP4(16),424.407366023535,A,400,500,Passed,0.1761113
7.4.3 Power Test W Current OP4(16),428.056179748424,A,400,500,Passed,0.3230743
7.4.4 Power Test F_TEMP_MEAS_CTL  OP4(16),54,deg,20,99,Passed,0.0001734
7.4.5 Power Test F_TEMP_MEAS_MOD OP4(16),74,deg,20,99,Passed,0.0002027
7.4.6 Power Test F_TEMP_MEAS_DRV OP4(16),69,deg,20,99,Passed,0.0001875
7.4.7 Power Test AN_CTP_COOLING_F OP4(16),54,deg,20,99,Passed,0.0004393
7.4.8 Power Test FSEVBLV_Voltage OP4(16),9,V,9,12,Passed,0.0010187
7.4.9 Power Test FSEVBHV_Voltage OP4(16),379,V,360,410,Passed,0.0001642
7.4.10 Power Test FTEABHV_UbatHV OP4(16),388,V,360,410,Passed,0.0002154
7.4.11 Power Test SAEABHV_Voltage OP4(16),379,V,360,410,Passed,0.0002599
7.8.1 Power Test U Current OP8(16),417.709144772261,A,400,500,Passed,0.1812433
7.8.2 Power Test V Current OP8(16),424.980068501543,A,400,500,Passed,0.1762504
7.8.3 Power Test W Current OP8(16),428.747662712919,A,400,500,Passed,0.3234334
7.8.4 Power Test F_TEMP_MEAS_CTL  OP8(16),55,deg,20,99,Passed,0.0001833
7.8.5 Power Test F_TEMP_MEAS_MOD OP8(16),74,deg,20,99,Passed,0.0001677
7.8.6 Power Test F_TEMP_MEAS_DRV OP8(16),70,deg,20,99,Passed,0.0001879
7.8.7 Power Test AN_CTP_COOLING_F OP8(16),55,deg,20,99,Passed,0.0011264
7.8.8 Power Test FSEVBLV_Voltage OP8(16),15,V,14,17,Passed,0.0005124
7.8.9 Power Test FSEVBHV_Voltage OP8(16),377,V,360,410,Passed,0.000178
7.8.10 Power Test FTEABHV_UbatHV OP8(16),386,V,360,410,Passed,0.0001889
7.8.11 Power Test SAEABHV_Voltage OP8(16),377,V,360,410,Passed,0.0005809
7.4.1 Power Test U Current OP4(17),420.563328071693,A,400,500,Passed,0.1780286
7.4.2 Power Test V Current OP4(17),423.663615285352,A,400,500,Passed,0.1753193
7.4.3 Power Test W Current OP4(17),427.452935166583,A,400,500,Passed,0.1747232
7.4.4 Power Test F_TEMP_MEAS_CTL  OP4(17),55,deg,20,99,Passed,0.0001737
7.4.5 Power Test F_TEMP_MEAS_MOD OP4(17),75,deg,20,99,Passed,0.0001794
7.4.6 Power Test F_TEMP_MEAS_DRV OP4(17),71,deg,20,99,Passed,0.0001868
7.4.7 Power Test AN_CTP_COOLING_F OP4(17),55,deg,20,99,Passed,0.0001585
7.4.8 Power Test FSEVBLV_Voltage OP4(17),9,V,9,12,Passed,0.000238
7.4.9 Power Test FSEVBHV_Voltage OP4(17),377,V,360,410,Passed,0.0002083
7.4.10 Power Test FTEABHV_UbatHV OP4(17),386,V,360,410,Passed,0.0003203
7.4.11 Power Test SAEABHV_Voltage OP4(17),377,V,360,410,Passed,0.0002842
7.8.1 Power Test U Current OP8(17),421.231758494718,A,400,500,Passed,0.1817677
7.8.2 Power Test V Current OP8(17),423.153746205454,A,400,500,Passed,0.1755806
7.8.3 Power Test W Current OP8(17),424.638285626504,A,400,500,Passed,0.3260432
7.8.4 Power Test F_TEMP_MEAS_CTL  OP8(17),56,deg,20,99,Passed,0.0001727
7.8.5 Power Test F_TEMP_MEAS_MOD OP8(17),75,deg,20,99,Passed,0.0001695
7.8.6 Power Test F_TEMP_MEAS_DRV OP8(17),71,deg,20,99,Passed,0.0018986
7.8.7 Power Test AN_CTP_COOLING_F OP8(17),55,deg,20,99,Passed,0.0001882
7.8.8 Power Test FSEVBLV_Voltage OP8(17),15,V,14,17,Passed,0.0001939
7.8.9 Power Test FSEVBHV_Voltage OP8(17),378,V,360,410,Passed,0.0002161
7.8.10 Power Test FTEABHV_UbatHV OP8(17),387,V,360,410,Passed,0.0002429
7.8.11 Power Test SAEABHV_Voltage OP8(17),378,V,360,410,Passed,0.0002104
7.4.1 Power Test U Current OP4(18),421.882890857937,A,400,500,Passed,0.1816924
7.4.2 Power Test V Current OP4(18),423.745426542104,A,400,500,Passed,0.1788839
7.4.3 Power Test W Current OP4(18),424.698149002075,A,400,500,Passed,0.3371246
7.4.4 Power Test F_TEMP_MEAS_CTL  OP4(18),56,deg,20,99,Passed,0.000285
7.4.5 Power Test F_TEMP_MEAS_MOD OP4(18),76,deg,20,99,Passed,0.0004968
7.4.6 Power Test F_TEMP_MEAS_DRV OP4(18),72,deg,20,99,Passed,0.0001667
7.4.7 Power Test AN_CTP_COOLING_F OP4(18),56,deg,20,99,Passed,0.0003114
7.4.8 Power Test FSEVBLV_Voltage OP4(18),9,V,9,12,Passed,0.0001766
7.4.9 Power Test FSEVBHV_Voltage OP4(18),379,V,360,410,Passed,0.0001939
7.4.10 Power Test FTEABHV_UbatHV OP4(18),386,V,360,410,Passed,0.000185
7.4.11 Power Test SAEABHV_Voltage OP4(18),379,V,360,410,Passed,0.0004213
7.8.1 Power Test U Current OP8(18),419.731027744094,A,400,500,Passed,0.1866857
7.8.2 Power Test V Current OP8(18),424.585532028248,A,400,500,Passed,0.1878689
7.8.3 Power Test W Current OP8(18),425.708295102085,A,400,500,Passed,0.328202
7.8.4 Power Test F_TEMP_MEAS_CTL  OP8(18),57,deg,20,99,Passed,0.0001811
7.8.5 Power Test F_TEMP_MEAS_MOD OP8(18),76,deg,20,99,Passed,0.0001713
7.8.6 Power Test F_TEMP_MEAS_DRV OP8(18),73,deg,20,99,Passed,0.000691
7.8.7 Power Test AN_CTP_COOLING_F OP8(18),56,deg,20,99,Passed,0.0001751
7.8.8 Power Test FSEVBLV_Voltage OP8(18),15,V,14,17,Passed,0.0002451
7.8.9 Power Test FSEVBHV_Voltage OP8(18),377,V,360,410,Passed,0.0012034
7.8.10 Power Test FTEABHV_UbatHV OP8(18),386,V,360,410,Passed,0.0002641
7.8.11 Power Test SAEABHV_Voltage OP8(18),377,V,360,410,Passed,0.0002599
7.4.1 Power Test U Current OP4(19),422.736692421125,A,400,500,Passed,0.1862334
7.4.2 Power Test V Current OP4(19),423.021866955673,A,400,500,Passed,0.1814605
7.4.3 Power Test W Current OP4(19),428.050107409668,A,400,500,Passed,0.3273451
7.4.4 Power Test F_TEMP_MEAS_CTL  OP4(19),57,deg,20,99,Passed,0.0001868
7.4.5 Power Test F_TEMP_MEAS_MOD OP4(19),77,deg,20,99,Passed,0.000179
7.4.6 Power Test F_TEMP_MEAS_DRV OP4(19),73,deg,20,99,Passed,0.0002415
7.4.7 Power Test AN_CTP_COOLING_F OP4(19),56,deg,20,99,Passed,0.000179
7.4.8 Power Test FSEVBLV_Voltage OP4(19),9,V,9,12,Passed,0.0001921
7.4.9 Power Test FSEVBHV_Voltage OP4(19),376,V,360,410,Passed,0.0006299
7.4.10 Power Test FTEABHV_UbatHV OP4(19),385,V,360,410,Passed,0.0002606
7.4.11 Power Test SAEABHV_Voltage OP4(19),376,V,360,410,Passed,0.0001977
7.8.1 Power Test U Current OP8(19),422.294387265733,A,400,500,Passed,0.1795922
7.8.2 Power Test V Current OP8(19),424.709751600383,A,400,500,Passed,0.1804488
7.8.3 Power Test W Current OP8(19),425.685525245033,A,400,500,Passed,0.3259906
7.8.4 Power Test F_TEMP_MEAS_CTL  OP8(19),58,deg,20,99,Passed,0.0001818
7.8.5 Power Test F_TEMP_MEAS_MOD OP8(19),77,deg,20,99,Passed,0.0001762
7.8.6 Power Test F_TEMP_MEAS_DRV OP8(19),74,deg,20,99,Passed,0.0002684
7.8.7 Power Test AN_CTP_COOLING_F OP8(19),57,deg,20,99,Passed,0.0028442
7.8.8 Power Test FSEVBLV_Voltage OP8(19),15,V,14,17,Passed,0.0001744
7.8.9 Power Test FSEVBHV_Voltage OP8(19),377,V,360,410,Passed,0.0002327
7.8.10 Power Test FTEABHV_UbatHV OP8(19),386,V,360,410,Passed,0.0002669
7.8.11 Power Test SAEABHV_Voltage OP8(19),377,V,360,410,Passed,0.0002323
7.4.1 Power Test U Current OP4(20),421.859708655873,A,400,500,Passed,0.1821953
7.4.2 Power Test V Current OP4(20),424.298975142953,A,400,500,Passed,0.1802945
7.4.3 Power Test W Current OP4(20),425.745861106487,A,400,500,Passed,0.1819742
7.4.4 Power Test F_TEMP_MEAS_CTL  OP4(20),58,deg,20,99,Passed,0.0003616
7.4.5 Power Test F_TEMP_MEAS_MOD OP4(20),74,deg,20,99,Passed,0.000172
7.4.6 Power Test F_TEMP_MEAS_DRV OP4(20),74,deg,20,99,Passed,0.000227
7.4.7 Power Test AN_CTP_COOLING_F OP4(20),57,deg,20,99,Passed,0.0004852
7.4.8 Power Test FSEVBLV_Voltage OP4(20),9,V,9,12,Passed,0.0002772
7.4.9 Power Test FSEVBHV_Voltage OP4(20),376,V,360,410,Passed,0.0008019
7.4.10 Power Test FTEABHV_UbatHV OP4(20),385,V,360,410,Passed,0.00069
7.4.11 Power Test SAEABHV_Voltage OP4(20),376,V,360,410,Passed,0.0002408
7.8.1 Power Test U Current OP8(20),419.878689754306,A,400,500,Passed,0.1780283
7.8.2 Power Test V Current OP8(20),424.247175551962,A,400,500,Passed,0.1799877
7.8.3 Power Test W Current OP8(20),427.129105614309,A,400,500,Passed,0.3292052
7.8.4 Power Test F_TEMP_MEAS_CTL  OP8(20),59,deg,20,99,Passed,0.0001748
7.8.5 Power Test F_TEMP_MEAS_MOD OP8(20),73,deg,20,99,Passed,0.0004594
7.8.6 Power Test F_TEMP_MEAS_DRV OP8(20),75,deg,20,99,Passed,0.0001723
7.8.7 Power Test AN_CTP_COOLING_F OP8(20),56,deg,20,99,Passed,0.0003079
7.8.8 Power Test FSEVBLV_Voltage OP8(20),15,V,14,17,Passed,0.0003132
7.8.9 Power Test FSEVBHV_Voltage OP8(20),377,V,360,410,Passed,0.0001896
7.8.10 Power Test FTEABHV_UbatHV OP8(20),386,V,360,410,Passed,0.0006278
7.8.11 Power Test SAEABHV_Voltage OP8(20),377,V,360,410,Passed,0.0001769
7.4.1 Power Test U Current OP4(21),421.823230063876,A,400,500,Passed,0.1775954
7.4.2 Power Test V Current OP4(21),424.595537857848,A,400,500,Passed,0.1801399
7.4.3 Power Test W Current OP4(21),425.354301347892,A,400,500,Passed,0.333429
7.4.4 Power Test F_TEMP_MEAS_CTL  OP4(21),59,deg,20,99,Passed,0.0001984
7.4.5 Power Test F_TEMP_MEAS_MOD OP4(21),72,deg,20,99,Passed,0.0002408
7.4.6 Power Test F_TEMP_MEAS_DRV OP4(21),75,deg,20,99,Passed,0.0004389
7.4.7 Power Test AN_CTP_COOLING_F OP4(21),55,deg,20,99,Passed,0.0002422
7.4.8 Power Test FSEVBLV_Voltage OP4(21),9,V,9,12,Passed,0.0001751
7.4.9 Power Test FSEVBHV_Voltage OP4(21),377,V,360,410,Passed,0.0001847
7.4.10 Power Test FTEABHV_UbatHV OP4(21),387,V,360,410,Passed,0.0001967
7.4.11 Power Test SAEABHV_Voltage OP4(21),377,V,360,410,Passed,0.0002147
7.8.1 Power Test U Current OP8(21),423.115176443749,A,400,500,Passed,0.17747
7.8.2 Power Test V Current OP8(21),423.84392135373,A,400,500,Passed,0.1845847
7.8.3 Power Test W Current OP8(21),426.179433604407,A,400,500,Passed,0.333334
7.8.4 Power Test F_TEMP_MEAS_CTL  OP8(21),60,deg,20,99,Passed,0.0001656
7.8.5 Power Test F_TEMP_MEAS_MOD OP8(21),71,deg,20,99,Passed,0.0002016
7.8.6 Power Test F_TEMP_MEAS_DRV OP8(21),76,deg,20,99,Passed,0.000173
7.8.7 Power Test AN_CTP_COOLING_F OP8(21),55,deg,20,99,Passed,0.0003238
7.8.8 Power Test FSEVBLV_Voltage OP8(21),15,V,14,17,Passed,0.0001713
7.8.9 Power Test FSEVBHV_Voltage OP8(21),376,V,360,410,Passed,0.0002083
7.8.10 Power Test FTEABHV_UbatHV OP8(21),385,V,360,410,Passed,0.0002263
7.8.11 Power Test SAEABHV_Voltage OP8(21),376,V,360,410,Passed,0.00022
7.4.1 Power Test U Current OP4(22),421.653622048284,A,400,500,Passed,0.1886394
7.4.2 Power Test V Current OP4(22),423.692383228328,A,400,500,Passed,0.3236957
7.4.3 Power Test W Current OP4(22),425.329290771766,A,400,500,Passed,0.320116
7.4.4 Power Test F_TEMP_MEAS_CTL  OP4(22),60,deg,20,99,Passed,0.0001578
7.4.5 Power Test F_TEMP_MEAS_MOD OP4(22),70,deg,20,99,Passed,0.000167
7.4.6 Power Test F_TEMP_MEAS_DRV OP4(22),76,deg,20,99,Passed,0.0003273
7.4.7 Power Test AN_CTP_COOLING_F OP4(22),54,deg,20,99,Passed,0.0005318
7.4.8 Power Test FSEVBLV_Voltage OP4(22),9,V,9,12,Passed,0.0005865
7.4.9 Power Test FSEVBHV_Voltage OP4(22),377,V,360,410,Passed,0.0001677
7.4.10 Power Test FTEABHV_UbatHV OP4(22),386,V,360,410,Passed,0.0003393
7.4.11 Power Test SAEABHV_Voltage OP4(22),377,V,360,410,Passed,0.0002196
7.8.1 Power Test U Current OP8(22),421.76995905933,A,400,500,Passed,0.1831508
7.8.2 Power Test V Current OP8(22),422.990619193916,A,400,500,Passed,0.1783602
7.8.3 Power Test W Current OP8(22),425.35092597796,A,400,500,Passed,0.3203081
7.8.4 Power Test F_TEMP_MEAS_CTL  OP8(22),60,deg,20,99,Passed,0.0001914
7.8.5 Power Test F_TEMP_MEAS_MOD OP8(22),70,deg,20,99,Passed,0.0003888
7.8.6 Power Test F_TEMP_MEAS_DRV OP8(22),77,deg,20,99,Passed,0.0001645
7.8.7 Power Test AN_CTP_COOLING_F OP8(22),54,deg,20,99,Passed,0.0008015
7.8.8 Power Test FSEVBLV_Voltage OP8(22),15,V,14,17,Passed,0.0001737
7.8.9 Power Test FSEVBHV_Voltage OP8(22),377,V,360,410,Passed,0.0001907
7.8.10 Power Test FTEABHV_UbatHV OP8(22),388,V,360,410,Passed,0.0002239
7.8.11 Power Test SAEABHV_Voltage OP8(22),377,V,360,410,Passed,0.0013485
7.4.1 Power Test U Current OP4(23),422.160342718749,A,400,500,Passed,0.1797394
7.4.2 Power Test V Current OP4(23),423.783153679577,A,400,500,Passed,0.1775106
7.4.3 Power Test W Current OP4(23),425.203642518183,A,400,500,Passed,0.3251894
7.4.4 Power Test F_TEMP_MEAS_CTL  OP4(23),61,deg,20,99,Passed,0.0001737
7.4.5 Power Test F_TEMP_MEAS_MOD OP4(23),69,deg,20,99,Passed,0.0001801
7.4.6 Power Test F_TEMP_MEAS_DRV OP4(23),77,deg,20,99,Passed,0.0003439
7.4.7 Power Test AN_CTP_COOLING_F OP4(23),53,deg,20,99,Passed,0.0001695
7.4.8 Power Test FSEVBLV_Voltage OP4(23),9,V,9,12,Passed,0.0001667
7.4.9 Power Test FSEVBHV_Voltage OP4(23),379,V,360,410,Passed,0.0002345
7.4.10 Power Test FTEABHV_UbatHV OP4(23),388,V,360,410,Passed,0.0002535
7.4.11 Power Test SAEABHV_Voltage OP4(23),379,V,360,410,Passed,0.0002172
7.8.1 Power Test U Current OP8(23),423.21678356768,A,400,500,Passed,0.1828376
7.8.2 Power Test V Current OP8(23),423.414070610645,A,400,500,Passed,0.324772
7.8.3 Power Test W Current OP8(23),425.577977078074,A,400,500,Passed,0.3220443
7.8.4 Power Test F_TEMP_MEAS_CTL  OP8(23),61,deg,20,99,Passed,0.0001953
7.8.5 Power Test F_TEMP_MEAS_MOD OP8(23),69,deg,20,99,Passed,0.0005392
7.8.6 Power Test F_TEMP_MEAS_DRV OP8(23),77,deg,20,99,Passed,0.000166
7.8.7 Power Test AN_CTP_COOLING_F OP8(23),53,deg,20,99,Passed,0.0002913
7.8.8 Power Test FSEVBLV_Voltage OP8(23),15,V,14,17,Passed,0.0002161
7.8.9 Power Test FSEVBHV_Voltage OP8(23),376,V,360,410,Passed,0.0001797
7.8.10 Power Test FTEABHV_UbatHV OP8(23),385,V,360,410,Passed,0.0002973
7.8.11 Power Test SAEABHV_Voltage OP8(23),376,V,360,410,Passed,0.000846
7.4.1 Power Test U Current OP4(24),425.874592273306,A,400,500,Passed,0.1834626
7.4.2 Power Test V Current OP4(24),423.539448548443,A,400,500,Passed,0.3222402
7.4.3 Power Test W Current OP4(24),425.116097242578,A,400,500,Passed,0.3199267
7.4.4 Power Test F_TEMP_MEAS_CTL  OP4(24),61,deg,20,99,Passed,0.0001811
7.4.5 Power Test F_TEMP_MEAS_MOD OP4(24),70,deg,20,99,Passed,0.0001854
7.4.6 Power Test F_TEMP_MEAS_DRV OP4(24),78,deg,20,99,Passed,0.000727
7.4.7 Power Test AN_CTP_COOLING_F OP4(24),53,deg,20,99,Passed,0.0002203
7.4.8 Power Test FSEVBLV_Voltage OP4(24),9,V,9,12,Passed,0.0002906
7.4.9 Power Test FSEVBHV_Voltage OP4(24),378,V,360,410,Passed,0.0002818
7.4.10 Power Test FTEABHV_UbatHV OP4(24),387,V,360,410,Passed,0.0002306
7.4.11 Power Test SAEABHV_Voltage OP4(24),377,V,360,410,Passed,0.0002175
7.8.1 Power Test U Current OP8(24),423.912505150795,A,400,500,Passed,0.1786416
7.8.2 Power Test V Current OP8(24),424.058364842204,A,400,500,Passed,0.1753465
7.8.3 Power Test W Current OP8(24),424.365378732018,A,400,500,Passed,0.325552
7.8.4 Power Test F_TEMP_MEAS_CTL  OP8(24),62,deg,20,99,Passed,0.0001981
7.8.5 Power Test F_TEMP_MEAS_MOD OP8(24),71,deg,20,99,Passed,0.0001688
7.8.6 Power Test F_TEMP_MEAS_DRV OP8(24),78,deg,20,99,Passed,0.0001667
7.8.7 Power Test AN_CTP_COOLING_F OP8(24),53,deg,20,99,Passed,0.0007426
7.8.8 Power Test FSEVBLV_Voltage OP8(24),15,V,14,17,Passed,0.0004071
7.8.9 Power Test FSEVBHV_Voltage OP8(24),377,V,360,410,Passed,0.0001751
7.8.10 Power Test FTEABHV_UbatHV OP8(24),385,V,360,410,Passed,0.0002242
7.8.11 Power Test SAEABHV_Voltage OP8(24),377,V,360,410,Passed,0.0003347
7.4.1 Power Test U Current OP4(25),424.024623210775,A,400,500,Passed,0.1797348
7.4.2 Power Test V Current OP4(25),421.679003647256,A,400,500,Passed,0.1757172
7.4.3 Power Test W Current OP4(25),426.408565256991,A,400,500,Passed,0.3223049
7.4.4 Power Test F_TEMP_MEAS_CTL  OP4(25),62,deg,20,99,Passed,0.0001811
7.4.5 Power Test F_TEMP_MEAS_MOD OP4(25),71,deg,20,99,Passed,0.0001734
7.4.6 Power Test F_TEMP_MEAS_DRV OP4(25),78,deg,20,99,Passed,0.0001631
7.4.7 Power Test AN_CTP_COOLING_F OP4(25),54,deg,20,99,Passed,0.0001861
7.4.8 Power Test FSEVBLV_Voltage OP4(25),9,V,9,12,Passed,0.0001931
7.4.9 Power Test FSEVBHV_Voltage OP4(25),377,V,360,410,Passed,0.000185
7.4.10 Power Test FTEABHV_UbatHV OP4(25),386,V,360,410,Passed,0.0001939
7.4.11 Power Test SAEABHV_Voltage OP4(25),377,V,360,410,Passed,0.0002521
7.8.1 Power Test U Current OP8(25),422.939039178707,A,400,500,Passed,0.1785248
7.8.2 Power Test V Current OP8(25),424.057235528031,A,400,500,Passed,0.1756734
7.8.3 Power Test W Current OP8(25),425.643054825621,A,400,500,Passed,0.3199267
7.8.4 Power Test F_TEMP_MEAS_CTL  OP8(25),62,deg,20,99,Passed,0.0001804
7.8.5 Power Test F_TEMP_MEAS_MOD OP8(25),72,deg,20,99,Passed,0.0001939
7.8.6 Power Test F_TEMP_MEAS_DRV OP8(25),78,deg,20,99,Passed,0.0010212
7.8.7 Power Test AN_CTP_COOLING_F OP8(25),54,deg,20,99,Passed,0.0005837
7.8.8 Power Test FSEVBLV_Voltage OP8(25),15,V,14,17,Passed,0.0003619
7.8.9 Power Test FSEVBHV_Voltage OP8(25),376,V,360,410,Passed,0.0003732
7.8.10 Power Test FTEABHV_UbatHV OP8(25),385,V,360,410,Passed,0.0002235
7.8.11 Power Test SAEABHV_Voltage OP8(25),376,V,360,410,Passed,0.0002193
7.4.1 Power Test U Current OP4(26),423.252427239852,A,400,500,Passed,0.1819802
7.4.2 Power Test V Current OP4(26),423.533263603213,A,400,500,Passed,0.1759302
7.4.3 Power Test W Current OP4(26),425.017293741276,A,400,500,Passed,0.3229962
7.4.4 Power Test F_TEMP_MEAS_CTL  OP4(26),62,deg,20,99,Passed,0.0001833
7.4.5 Power Test F_TEMP_MEAS_MOD OP4(26),73,deg,20,99,Passed,0.0001847
7.4.6 Power Test F_TEMP_MEAS_DRV OP4(26),79,deg,20,99,Passed,0.0002309
7.4.7 Power Test AN_CTP_COOLING_F OP4(26),54,deg,20,99,Passed,0.000167
7.4.8 Power Test FSEVBLV_Voltage OP4(26),9,V,9,12,Passed,0.0001769
7.4.9 Power Test FSEVBHV_Voltage OP4(26),378,V,360,410,Passed,0.0001992
7.4.10 Power Test FTEABHV_UbatHV OP4(26),387,V,360,410,Passed,0.0002059
7.4.11 Power Test SAEABHV_Voltage OP4(26),378,V,360,410,Passed,0.0002659
7.8.1 Power Test U Current OP8(26),421.778473549752,A,400,500,Passed,0.1782981
7.8.2 Power Test V Current OP8(26),424.90914825965,A,400,500,Passed,0.3211121
7.8.3 Power Test W Current OP8(26),424.514950947644,A,400,500,Passed,0.3241343
7.8.4 Power Test F_TEMP_MEAS_CTL  OP8(26),63,deg,20,99,Passed,0.0002327
7.8.5 Power Test F_TEMP_MEAS_MOD OP8(26),74,deg,20,99,Passed,0.0001804
7.8.6 Power Test F_TEMP_MEAS_DRV OP8(26),79,deg,20,99,Passed,0.0027704
7.8.7 Power Test AN_CTP_COOLING_F OP8(26),55,deg,20,99,Passed,0.0002193
7.8.8 Power Test FSEVBLV_Voltage OP8(26),15,V,14,17,Passed,0.0001674
7.8.9 Power Test FSEVBHV_Voltage OP8(26),376,V,360,410,Passed,0.0004138
7.8.10 Power Test FTEABHV_UbatHV OP8(26),386,V,360,410,Passed,0.0002278
7.8.11 Power Test SAEABHV_Voltage OP8(26),376,V,360,410,Passed,0.000209
7.4.1 Power Test U Current OP4(27),422.088384558696,A,400,500,Passed,0.1800904
7.4.2 Power Test V Current OP4(27),425.290549451148,A,400,500,Passed,0.1755103
7.4.3 Power Test W Current OP4(27),424.820640960592,A,400,500,Passed,0.326903
7.4.4 Power Test F_TEMP_MEAS_CTL  OP4(27),63,deg,20,99,Passed,0.0001769
7.4.5 Power Test F_TEMP_MEAS_MOD OP4(27),75,deg,20,99,Passed,0.0001568
7.4.6 Power Test F_TEMP_MEAS_DRV OP4(27),79,deg,20,99,Passed,0.0005078
7.4.7 Power Test AN_CTP_COOLING_F OP4(27),55,deg,20,99,Passed,0.0001758
7.4.8 Power Test FSEVBLV_Voltage OP4(27),9,V,9,12,Passed,0.0003842
7.4.9 Power Test FSEVBHV_Voltage OP4(27),375,V,360,410,Passed,0.0003704
7.4.10 Power Test FTEABHV_UbatHV OP4(27),387,V,360,410,Passed,0.000233
7.4.11 Power Test SAEABHV_Voltage OP4(27),375,V,360,410,Passed,0.0002221
7.8.1 Power Test U Current OP8(27),420.916206834529,A,400,500,Passed,0.1811684
7.8.2 Power Test V Current OP8(27),424.262577040505,A,400,500,Passed,0.3145518
7.8.3 Power Test W Current OP8(27),426.270521743435,A,400,500,Passed,0.3243264
7.8.4 Power Test F_TEMP_MEAS_CTL  OP8(27),63,deg,20,99,Passed,0.0001578
7.8.5 Power Test F_TEMP_MEAS_MOD OP8(27),75,deg,20,99,Passed,0.0001801
7.8.6 Power Test F_TEMP_MEAS_DRV OP8(27),79,deg,20,99,Passed,0.0004513
7.8.7 Power Test AN_CTP_COOLING_F OP8(27),56,deg,20,99,Passed,0.000238
7.8.8 Power Test FSEVBLV_Voltage OP8(27),15,V,14,17,Passed,0.0002821
7.8.9 Power Test FSEVBHV_Voltage OP8(27),378,V,360,410,Passed,0.0001808
7.8.10 Power Test FTEABHV_UbatHV OP8(27),387,V,360,410,Passed,0.0002959
7.8.11 Power Test SAEABHV_Voltage OP8(27),378,V,360,410,Passed,0.0002415
7.4.1 Power Test U Current OP4(28),420.235261676992,A,400,500,Passed,0.1816575
7.4.2 Power Test V Current OP4(28),425.877871989562,A,400,500,Passed,0.1760869
7.4.3 Power Test W Current OP4(28),427.046539256327,A,400,500,Passed,0.3214948
7.4.4 Power Test F_TEMP_MEAS_CTL  OP4(28),63,deg,20,99,Passed,0.0001741
7.4.5 Power Test F_TEMP_MEAS_MOD OP4(28),76,deg,20,99,Passed,0.0004559
7.4.6 Power Test F_TEMP_MEAS_DRV OP4(28),80,deg,20,99,Passed,0.0001949
7.4.7 Power Test AN_CTP_COOLING_F OP4(28),56,deg,20,99,Passed,0.0011038
7.4.8 Power Test FSEVBLV_Voltage OP4(28),9,V,9,12,Passed,0.0002133
7.4.9 Power Test FSEVBHV_Voltage OP4(28),377,V,360,410,Passed,0.0001804
7.4.10 Power Test FTEABHV_UbatHV OP4(28),386,V,360,410,Passed,0.0002768
7.4.11 Power Test SAEABHV_Voltage OP4(28),377,V,360,410,Passed,0.0001931
7.8.1 Power Test U Current OP8(28),423.503407081346,A,400,500,Passed,0.1808577
7.8.2 Power Test V Current OP8(28),424.861863338887,A,400,500,Passed,0.1767808
7.8.3 Power Test W Current OP8(28),426.018054729399,A,400,500,Passed,0.3233599
7.8.4 Power Test F_TEMP_MEAS_CTL  OP8(28),63,deg,20,99,Passed,0.000202
7.8.5 Power Test F_TEMP_MEAS_MOD OP8(28),76,deg,20,99,Passed,0.0005222
7.8.6 Power Test F_TEMP_MEAS_DRV OP8(28),80,deg,20,99,Passed,0.0003083
7.8.7 Power Test AN_CTP_COOLING_F OP8(28),57,deg,20,99,Passed,0.000279
7.8.8 Power Test FSEVBLV_Voltage OP8(28),15,V,14,17,Passed,0.0001857
7.8.9 Power Test FSEVBHV_Voltage OP8(28),378,V,360,410,Passed,0.0002023
7.8.10 Power Test FTEABHV_UbatHV OP8(28),387,V,360,410,Passed,0.0002341
7.8.11 Power Test SAEABHV_Voltage OP8(28),378,V,360,410,Passed,0.0014862
7.4.1 Power Test U Current OP4(29),422.062603451717,A,400,500,Passed,0.1709457
7.4.2 Power Test V Current OP4(29),426.379327913588,A,400,500,Passed,0.1741646
7.4.3 Power Test W Current OP4(29),426.172229914276,A,400,500,Passed,0.3226813
7.4.4 Power Test F_TEMP_MEAS_CTL  OP4(29),64,deg,20,99,Passed,0.0001734
7.4.5 Power Test F_TEMP_MEAS_MOD OP4(29),77,deg,20,99,Passed,0.0001797
7.4.6 Power Test F_TEMP_MEAS_DRV OP4(29),80,deg,20,99,Passed,0.0006402
7.4.7 Power Test AN_CTP_COOLING_F OP4(29),57,deg,20,99,Passed,0.0001801
7.4.8 Power Test FSEVBLV_Voltage OP4(29),9,V,9,12,Passed,0.0002052
7.4.9 Power Test FSEVBHV_Voltage OP4(29),379,V,360,410,Passed,0.0002228
7.4.10 Power Test FTEABHV_UbatHV OP4(29),386,V,360,410,Passed,0.0002415
7.4.11 Power Test SAEABHV_Voltage OP4(29),379,V,360,410,Passed,0.0002564
7.8.1 Power Test U Current OP8(29),421.84374299616,A,400,500,Passed,0.1804421
7.8.2 Power Test V Current OP8(29),426.446233827729,A,400,500,Passed,0.3222936
7.8.3 Power Test W Current OP8(29),425.744282208715,A,400,500,Passed,0.3224249
7.8.4 Power Test F_TEMP_MEAS_CTL  OP8(29),64,deg,20,99,Passed,0.0001794
7.8.5 Power Test F_TEMP_MEAS_MOD OP8(29),77,deg,20,99,Passed,0.0001642
7.8.6 Power Test F_TEMP_MEAS_DRV OP8(29),80,deg,20,99,Passed,0.0002454
7.8.7 Power Test AN_CTP_COOLING_F OP8(29),57,deg,20,99,Passed,0.0001808
7.8.8 Power Test FSEVBLV_Voltage OP8(29),15,V,14,17,Passed,0.0007292
7.8.9 Power Test FSEVBHV_Voltage OP8(29),377,V,360,410,Passed,0.0002129
7.8.10 Power Test FTEABHV_UbatHV OP8(29),385,V,360,410,Passed,0.0002267
7.8.11 Power Test SAEABHV_Voltage OP8(29),377,V,360,410,Passed,0.0002175
7.4.1 Power Test U Current OP4(30),421.875109039115,A,400,500,Passed,0.1751484
7.4.2 Power Test V Current OP4(30),424.489378678051,A,400,500,Passed,0.3217085
7.4.3 Power Test W Current OP4(30),425.386173582789,A,400,500,Passed,0.3217724
7.4.4 Power Test F_TEMP_MEAS_CTL  OP4(30),64,deg,20,99,Passed,0.0002373
7.4.5 Power Test F_TEMP_MEAS_MOD OP4(30),75,deg,20,99,Passed,0.0001833
7.4.6 Power Test F_TEMP_MEAS_DRV OP4(30),81,deg,20,99,Passed,0.0004986
7.4.7 Power Test AN_CTP_COOLING_F OP4(30),58,deg,20,99,Passed,0.0002634
7.4.8 Power Test FSEVBLV_Voltage OP4(30),9,V,9,12,Passed,0.0001833
7.4.9 Power Test FSEVBHV_Voltage OP4(30),375,V,360,410,Passed,0.0002401
7.4.10 Power Test FTEABHV_UbatHV OP4(30),385,V,360,410,Passed,0.0002115
7.4.11 Power Test SAEABHV_Voltage OP4(30),375,V,360,410,Passed,0.0002316
7.8.1 Power Test U Current OP8(30),422.33343789092,A,400,500,Passed,0.1776243
7.8.2 Power Test V Current OP8(30),423.25608659153,A,400,500,Passed,0.1754891
7.8.3 Power Test W Current OP8(30),424.296918024959,A,400,500,Passed,0.3203204
7.8.4 Power Test F_TEMP_MEAS_CTL  OP8(30),64,deg,20,99,Passed,0.0001653
7.8.5 Power Test F_TEMP_MEAS_MOD OP8(30),72,deg,20,99,Passed,0.000172
7.8.6 Power Test F_TEMP_MEAS_DRV OP8(30),81,deg,20,99,Passed,0.0001758
7.8.7 Power Test AN_CTP_COOLING_F OP8(30),57,deg,20,99,Passed,0.0001614
7.8.8 Power Test FSEVBLV_Voltage OP8(30),15,V,14,17,Passed,0.0001871
7.8.9 Power Test FSEVBHV_Voltage OP8(30),376,V,360,410,Passed,0.000221
7.8.10 Power Test FTEABHV_UbatHV OP8(30),385,V,360,410,Passed,0.0002281
7.8.11 Power Test SAEABHV_Voltage OP8(30),376,V,360,410,Passed,0.0002539
7.4.1 Power Test U Current OP4(31),422.294809995724,A,400,500,Passed,0.1796776
7.4.2 Power Test V Current OP4(31),424.976298071645,A,400,500,Passed,0.3209952
7.4.3 Power Test W Current OP4(31),426.054465777335,A,400,500,Passed,0.3224751
7.4.4 Power Test F_TEMP_MEAS_CTL  OP4(31),64,deg,20,99,Passed,0.0001653
7.4.5 Power Test F_TEMP_MEAS_MOD OP4(31),71,deg,20,99,Passed,0.00019
7.4.6 Power Test F_TEMP_MEAS_DRV OP4(31),81,deg,20,99,Passed,0.0001931
7.4.7 Power Test AN_CTP_COOLING_F OP4(31),56,deg,20,99,Passed,0.0001871
7.4.8 Power Test FSEVBLV_Voltage OP4(31),9,V,9,12,Passed,0.0001638
7.4.9 Power Test FSEVBHV_Voltage OP4(31),376,V,360,410,Passed,0.00044
7.4.10 Power Test FTEABHV_UbatHV OP4(31),385,V,360,410,Passed,0.000369
7.4.11 Power Test SAEABHV_Voltage OP4(31),376,V,360,410,Passed,0.0001882
7.8.1 Power Test U Current OP8(31),421.578232951393,A,400,500,Passed,0.1767511
7.8.2 Power Test V Current OP8(31),426.220416335354,A,400,500,Passed,0.1754047
7.8.3 Power Test W Current OP8(31),424.719662376789,A,400,500,Passed,0.3211901
7.8.4 Power Test F_TEMP_MEAS_CTL  OP8(31),65,deg,20,99,Passed,0.0002422
7.8.5 Power Test F_TEMP_MEAS_MOD OP8(31),71,deg,20,99,Passed,0.0001762
7.8.6 Power Test F_TEMP_MEAS_DRV OP8(31),81,deg,20,99,Passed,0.0001635
7.8.7 Power Test AN_CTP_COOLING_F OP8(31),55,deg,20,99,Passed,0.0001999
7.8.8 Power Test FSEVBLV_Voltage OP8(31),15,V,14,17,Passed,0.000179
7.8.9 Power Test FSEVBHV_Voltage OP8(31),379,V,360,410,Passed,0.0001769
7.8.10 Power Test FTEABHV_UbatHV OP8(31),388,V,360,410,Passed,0.000202
7.8.11 Power Test SAEABHV_Voltage OP8(31),379,V,360,410,Passed,0.0002027
7.0.1 Error Code Check,FF,,FF,FF,Passed,7.73E-05
If,,,,,Done,2.61E-05
End,,,,,Done,4.94E-05
 